9209
2954
2386
6493
4817
89
3828
9298
1815
8
2486
3870
4054
10108
4705
9205
2139
1254
3783
6046
1344
421
5275
9817
4098
5164
8633
1066
4949
6941
4072
5306
9602
3427
8788
6040
832
3046
513
4384
4945
3995
6666
5603
7596
2845
8415
2365
6171
4502
2551
4153
6087
2715
8979
872
2393
7715
1378
3077
4431
1563
2081
5852
2821
1065
1247
8393
3542
64
5534
1765
1203
8903
7034
9497
7235
3884
4228
3231
1811
4081
2098
3708
8086
583
3761
5964
1479
7661
2159
8859
1712
218
8487
2382
5219
7427
10113
6204
7206
9904
7270
9580
7411
9207
4269
4687
3607
9928
3166
1204
10147
3404
3838
1222
4544
6566
5284
4120
6202
493
9045
9515
3769
3569
7025
8499
5804
7355
5267
4086
3698
5843
1516
1801
7711
3416
5565
7248
3549
28
9090
667
6624
2243
5569
8733
3494
6597
2869
5858
1820
738
3943
3329
6891
2478
4947
7563
4613
5326
2980
8777
2453
8782
4016
7600
6188
2251
4104
2117
8647
9979
9415
558
5011
8953
1934
3037
8887
4475
4334
8876
7017
4362
1889
5834
1197
3554
4299
8259
2884
948
4691
6063
3883
5331
106
8649
10133
3916
490
3710
10059
4127
5689
7304
6605
2373
5723
6374
5752
1431
8772
5730
1802
1375
9128
135
357
9331
1279
4835
1916
2847
10143
9887
3677
742
5859
7239
5625
274
2989
3714
2374
3
7418
1541
4861
9733
8670
8963
387
107
2324
7460
3168
2875
7656
9842
5545
5221
8508
4094
7435
10142
6234
4632
1922
2560
2827
7316
7138
5350
4234
2473
8491
2548
5592
2899
952
383
4341
4735
6696
3049
3803
5069
2694
5123
1510
1436
6094
1172
933
2162
9791
3944
8469
2792
211
5825
7073
8497
979
8582
9393
1614
5641
4624
3593
6268
3859
4954
9147
4271
2040
6966
798
9574
2816
3952
736
6143
3465
3140
7865
4892
2498
4874
6025
5209
9796
2542
2946
9381
916
4603
7889
4167
2783
314
2621
8517
7761
6502
3946
4103
7374
5690
1919
9384
1939
6799
6829
2534
4403
4700
5909
4300
3094
7850
7409
3565
551
6529
5708
5108
9119
3532
5905
836
5837
2454
6008
2702
4966
7072
262
9802
8929
7434
2797
6160
2737
7698
893
1331
372
6929
6048
2301
1513
8521
9961
5580
8657
4405
9883
3521
5673
9980
5364
6009
313
2403
2708
10
6005
5976
380
6664
2221
2160
8797
8732
1458
7213
6913
8724
5204
3239
8480
9154
5404
1180
9155
8993
5902
844
593
9082
3733
1292
3548
10033
1945
5526
1571
1319
1207
265
3879
424
3572
670
7290
9368
7251
7071
5039
7531
5270
1460
2082
5596
2260
6455
2597
5587
854
2750
3297
1008
3107
5310
9347
6197
5395
8994
1216
2992
5368
1169
7075
9725
1366
746
4305
3204
3023
474
5532
2987
7485
2895
5195
1122
5829
2852
4088
9044
10080
8489
4473
1539
1527
5287
7508
4212
6779
6450
3400
3208
6459
2467
7402
1240
8746
7254
1124
2033
2193
205
6257
9025
386
8802
343
4697
2692
3636
5453
956
6147
6345
460
3135
9149
6525
6028
2759
6389
5554
6644
8870
4868
6616
897
5878
3699
6532
509
8450
2047
6337
2615
4911
1234
8761
4401
3125
7296
6584
384
7564
5744
5818
8496
7236
1454
4214
6255
2270
4719
8982
5729
3490
5080
2906
4578
4423
5130
3387
5154
1079
5635
1832
4883
238
1462
5629
2825
3415
4488
4391
4409
1329
6057
2572
3020
4910
5655
2768
1386
1019
6279
3335
603
3687
5728
2885
1668
5959
8970
253
1793
3518
5683
4266
9230
580
3279
4782
39
5841
8185
6182
5107
328
5743
6159
6771
8651
16
3426
3162
1695
9127
6243
6075
3557
6481
5166
298
2636
1272
8709
5055
6530
945
4754
1154
1930
2255
4610
2656
1405
1720
2252
6485
378
1417
9199
9236
7147
886
5410
6079
2489
7009
2894
3988
373
8696
2543
1790
1529
3730
5231
9502
2961
3141
6004
1601
3384
7782
7533
6575
6760
3664
849
1177
5483
8261
2861
5788
5602
1478
1142
6072
2286
9931
850
3648
1705
620
5809
1949
1151
5078
5540
942
3248
5222
6710
8868
9744
8872
2867
776
2240
339
4017
8751
8695
2149
8888
5252
7793
7209
2210
3198
8644
4815
5551
1387
6535
9678
3247
2788
3587
3459
9107
1636
3265
9466
1599
2458
1110
6540
2377
1437
5218
618
3523
3388
9716
8628
3918
7607
3313
1077
5944
3008
4704
91
3768
203
1494
6697
10045
2782
5379
644
1760
2947
6670
2503
4696
7255
1030
6617
5478
5827
9607
7644
7755
392
3110
6626
4781
8804
3264
2753
5245
6463
7177
450
4904
4656
7043
5594
7272
3428
2505
1144
3947
562
911
6281
2109
3447
3888
5268
7805
1163
5786
6020
7550
3546
9134
261
7188
7267
5447
6154
1004
9354
5745
3772
1986
8795
1985
4215
442
1665
4987
2438
3513
7091
2982
5544
3973
7389
2533
6150
4551
368
3631
2084
6766
2676
4239
2313
9143
1586
548
2051
4191
4891
7045
1284
7783
6071
8959
5155
5753
1237
7401
7291
3369
6599
4316
835
3474
3160
799
1130
4005
9718
5549
9685
2250
6693
5637
4909
1556
7237
6613
8755
1570
6794
1572
8648
8786
9369
5831
3562
5471
3072
6511
4230
1818
3026
1715
750
7568
5814
3429
4872
1698
2327
369
2682
9643
6469
8869
6070
7256
4591
8076
5024
3163
8518
5711
3179
7765
7487
8509
2475
2754
10090
7507
3183
4701
1435
7479
8757
3588
6998
2463
5126
700
984
4327
1033
3185
3886
7556
7840
5579
3665
3419
5838
67
2928
4558
3900
1302
8440
8881
6583
1600
9804
5034
1914
10159
9513
6977
1485
1373
6757
3520
3893
2546
2846
7917
3274
8408
6580
2504
1729
1699
8409
7636
1788
6456
585
3435
1661
6291
1540
4668
2807
8484
3155
528
708
8916
855
1356
9364
2674
4061
5354
1161
6152
2142
2172
2291
809
1162
8636
3692
4787
692
2178
8968
4202
9519
7196
7835
7425
8890
5311
4825
9113
7536
8420
4930
9929
7280
634
1061
8813
5196
2540
8482
6364
8773
2609
611
2596
5077
6361
2887
9784
2103
4724
8292
2519
5992
354
57
480
3221
5380
677
3409
2062
2937
1525
3442
2148
1564
1731
3759
1376
8527
6512
10012
2842
7764
2187
486
9898
1983
6395
6168
1590
6393
5824
7946
8913
9836
5520
923
5465
10007
7392
9676
2188
7756
2513
1840
3172
1970
6194
2891
9601
2378
5991
5950
3378
3639
5140
7511
9652
5136
4862
3785
7377
4664
7829
5060
2935
5099
2500
550
4095
1725
5386
6088
991
1035
3148
4448
5884
2074
7907
6464
2508
5015
3501
5314
6163
4174
9050
3209
9030
3823
1933
2181
379
3156
10014
4585
6695
5384
249
5454
718
6589
2883
8510
4164
6482
8604
4029
8446
5029
3931
9361
7216
4808
9671
2411
5121
6303
4038
3933
2254
192
2095
5528
6688
737
6357
3820
6085
401
319
3526
1499
1680
8925
4964
4671
78
2552
10062
9151
693
6041
874
5396
926
1677
9077
454
139
5347
623
381
3630
925
2156
9089
2538
1212
5643
1856
5051
8001
5791
8836
4562
3891
3751
6341
5553
9807
3392
7762
7319
9002
6376
6289
2661
7640
5090
1456
8476
5172
4186
2044
7853
3560
1741
1545
237
547
3573
4566
7496
3250
8490
2800
2741
2614
725
1049
8998
7285
4538
10019
866
363
9879
2886
5299
8447
1718
2264
403
5203
1105
3093
8021
9815
7148
4784
4417
452
6582
4614
2855
9130
8769
8833
6890
5264
4133
9912
7499
4225
857
629
2680
535
333
6403
4983
6785
1822
3793
10138
5759
1010
8507
2434
9288
5840
5485
2013
8969
6214
2362
5716
6175
3210
5407
2083
6534
3300
1589
8436
1252
6258
963
1200
3881
1738
7776
2258
5541
7390
6083
5378
2695
1430
2093
9305
1415
7723
6222
847
5056
3013
5927
5774
1210
9081
1111
4074
560
3869
1470
917
2294
6648
3327
2897
9848
8675
426
4040
3706
2649
3186
3746
5397
9845
4944
8254
10035
7317
9066
2186
4068
8878
1394
5627
2801
6223
6064
966
5488
4109
9762
7141
2772
8456
8847
5258
7022
1700
10106
3087
6554
5253
4128
6227
5201
1064
3734
8430
9941
2888
4171
1321
3561
3030
5836
9382
2727
529
8895
3824
8867
5469
10167
936
1814
3919
5561
6282
3260
6728
549
9957
2794
4589
4207
8977
6904
3478
2116
2711
2364
5040
877
6526
3786
8537
7187
1055
9294
743
2839
7357
5740
9026
6306
3797
2281
4320
4102
1148
3796
6590
9670
3682
9434
5793
5263
385
4495
2322
864
5371
863
3262
4590
9144
9932
9896
6237
568
2146
1081
8662
6050
563
10125
4112
6029
8700
845
2292
3760
7609
672
7675
2556
2245
1000
3201
7214
4625
5460
3654
4894
9012
1774
8678
1471
3618
1026
5645
4686
9496
871
3660
5537
4408
7100
9905
1475
4646
5516
2840
457
6899
3041
7244
1554
7126
2470
1428
1242
4615
5850
8219
3489
5455
2452
6092
6265
4680
2517
8534
7284
3085
2490
3337
3063
7013
907
7123
2545
9656
6096
6269
3780
3963
878
1631
8661
5913
8922
1440
224
1915
537
6321
8511
10034
5762
2986
1322
2060
5894
1287
5419
7229
6498
4381
6262
834
8613
2850
1689
5244
60
1009
5966
76
6287
214
3491
9715
4580
2510
1143
1730
1828
8735
5979
615
8805
5598
3068
1482
4720
9303
4769
4997
355
5431
5584
8992
5458
4075
4047
2829
1642
9471
3054
2993
4961
7968
5019
2138
4804
10060
3460
3132
7468
2168
9699
575
6409
637
3671
1687
6228
9568
5018
4616
5066
1515
2360
3857
3282
3929
1246
6518
4073
1975
962
4565
8066
5817
7693
10153
6097
3558
2927
3249
2310
6547
6350
828
1866
1317
3603
6506
1611
2305
5922
87
8247
1707
3957
6069
1134
2525
9291
5444
5160
6369
9806
5468
6230
1406
3779
4078
4555
3035
3256
6288
6798
5507
4626
9404
6774
9052
6113
3908
1798
1335
6399
3850
416
8909
3611
2557
5065
5810
8653
6105
1606
7890
9985
813
4658
7701
9477
4157
4474
1629
293
4052
5543
7786
1015
340
2336
6018
7037
8835
4807
9010
3676
5764
704
8580
4082
4848
4845
1503
3347
9132
1736
6765
2765
1989
6559
3138
9016
5600
10151
9960
3188
425
7670
993
6601
5067
9310
4564
4254
2709
2790
815
2444
1785
1553
5547
390
5660
2934
2703
8253
3134
1360
856
4683
1295
2030
6068
9316
1511
4592
101
7959
1072
1361
833
6739
1931
3271
7645
602
4690
1245
2598
7199
3365
525
2106
4619
8865
526
8028
284
2896
1377
919
7227
2350
5043
2898
3538
8376
202
8676
6925
5618
7238
839
5443
3232
8669
4749
4476
6398
7505
6826
3363
6622
5954
6117
4628
5648
9110
8165
3272
843
1671
3480
2786
0
7278
890
2746
3139
1455
1859
4731
789
3119
608
7599
5932
3766
2032
2492
6311
6979
3752
4741
4889
2421
8879
1304
7956
4232
6909
2501
9661
2280
5529
5917
4875
7855
9395
8823
6711
504
8846
1522
1190
6458
3443
8660
5388
5595
2381
4999
8072
4732
10148
3711
1233
4087
831
4430
10145
4986
2812
4971
4907
8834
5606
2041
3016
